0.031573
0.030240
0.029324
0.029573
0.027491
0.032406
0.031823
0.033072
0.034822
0.035238
0.034572
0.034155
0.037071
0.035821
0.037238
0.040487
0.039903
0.043735
0.048151
0.046734
0.045152
0.047234
0.046151
0.048984
0.049317
0.050483
0.051899
0.055565
0.054149
0.056648
0.056148
0.059480
0.065062
0.061646
0.065312
0.065561
0.070060
0.078474
0.079057
0.079224
0.079807
0.087138
0.084638
0.090970
0.094052
0.091220
0.097384
0.092969
0.097967
0.102716
0.103632
0.106131
0.105548
0.108797
0.109214
0.105965
0.110713
0.117544
0.116128
0.113795
0.119627
0.121793
0.123376
0.125875
0.126791
0.126791
0.127208
0.126791
0.130873
0.129457
0.127874
0.133872
0.133955
0.137454
0.134372
0.133622
0.133206
0.138537
0.136954
0.139370
0.142369
0.139287
0.141453
0.144868
0.144785
0.145202
0.144785
0.148117
0.149450
0.147867
0.145118
0.148034
0.151783
0.150450
0.152699
0.151949
0.151116
0.152033
0.156031
0.151616
0.153366
0.150367
0.153699
0.155865
0.155032
0.153449
0.154782
0.154865
0.155032
0.151366
0.155198
0.159947
0.157697
0.158780
0.157864
0.158780
0.165112
0.159530
0.161113
0.162363
0.165028
0.162196
0.163612
0.162446
0.164195
0.164279
0.163362
0.165695
0.163529
0.163446
0.171026
0.163112
0.164112
0.165195
0.162446
0.168027
0.168361
0.167111
0.165445
0.169693
0.171026
0.166861
0.167278
0.164362
0.168860
0.169277
0.167278
0.169860
0.167111
0.167861
0.166528
0.165945
0.170277
0.168944
0.169777
0.172276
0.172026
0.170776
0.172776
0.172526
0.173775
0.165778
0.169610
0.170193
0.169360
0.171859
0.173026
0.176275
0.174192
0.175192
0.170360
0.174275
0.172942
0.176691
0.168111
0.176275
0.172942
0.173109
0.176941
0.172443
0.174525
0.179440
0.174525
0.179107
0.174692
0.173026
0.176025
0.178357
0.171859
0.178940
0.173942
0.172859
0.177024
0.178107
0.176025
0.175691
0.177941
0.178524
0.174775
0.177441
0.177441
0.176275
0.174942
0.175025
0.179773
0.174025
0.181023
0.175941
0.179523
0.177024
0.177857
0.177857
0.176691
0.178774
0.178357
0.179857
0.180023
0.175108
0.180357
0.178191
0.179440
0.175941
0.178774
0.176691
0.177358
0.175358
0.179690
0.177108
0.178441
0.176275
0.175358
0.179107
0.180107
0.177607
0.177774
0.177358
0.180023
0.177358
0.183356
0.180273
0.174692
0.179107
0.179107
0.177191
0.179357
0.177857
0.181106
0.179107
0.177441
0.181773
0.178107
