0.002083
0.002041
0.002749
0.002749
0.002249
0.002624
0.003291
0.002957
0.003790
0.003832
0.003832
0.002791
0.002999
0.004124
0.003249
0.004415
0.004082
0.004832
0.005998
0.006248
0.007414
0.009039
0.009080
0.010788
0.010705
0.010871
0.011538
0.012246
0.012329
0.012579
0.015578
0.015162
0.017744
0.017328
0.018244
0.018660
0.016911
0.019952
0.017952
0.019827
0.020285
0.019494
0.021451
0.022368
0.021243
0.020285
0.022493
0.023451
0.022742
0.023700
0.022909
0.024658
0.024367
0.023451
0.024825
0.025533
0.025450
0.026824
0.027241
0.027449
0.031240
0.027866
0.030073
0.028199
0.029532
0.028865
0.031115
0.030615
0.032822
0.032572
0.033739
0.032198
0.034155
0.036529
0.034114
0.035030
0.036363
0.034447
0.036654
0.035363
0.037821
0.036654
0.038112
0.037529
0.039070
0.038487
0.041195
0.040237
0.038446
0.039570
0.040112
0.039653
0.039778
0.041861
0.040945
0.041986
0.041070
0.039612
0.044777
0.042986
0.042861
