0.029990
0.032989
0.030157
0.032239
0.033572
0.034655
0.031573
0.033072
0.029740
0.036238
0.035238
0.034822
0.035322
0.038321
0.036155
0.039070
0.043735
0.039487
0.044652
0.040320
0.045985
0.049900
0.047734
0.050483
0.053232
0.052399
0.055648
0.052982
0.056814
0.061063
0.060397
0.064895
0.064145
0.068727
0.071559
0.075058
0.075641
0.072976
0.074642
0.083139
0.081806
0.079390
0.089387
0.087554
0.087804
0.088304
0.092719
0.091136
0.092469
0.095218
0.097301
0.096468
0.104382
0.102133
0.101300
0.100883
0.104132
0.101633
0.099967
0.107631
0.111046
0.112296
0.118544
0.111546
0.113545
0.118960
0.119793
0.119460
0.120960
0.126791
0.127541
0.127541
0.131456
0.129957
0.133955
0.138371
0.137537
0.136871
0.136621
0.141370
0.145118
0.145951
0.146951
0.144285
0.140370
0.146035
0.150783
0.150117
0.147867
0.153366
0.149034
0.153949
0.154032
0.156281
0.157114
0.153282
0.153865
0.159364
0.155531
0.161863
0.159613
