0.030490
0.033572
0.043402
0.060896
0.075392
0.074142
0.080640
0.088471
0.092886
0.094219
0.096884
0.099967
0.101133
0.104882
0.106131
0.102049
0.105965
0.105132
0.106215
0.105715
0.105631
0.102716
0.108297
0.107381
0.109297
0.111380
0.118544
0.120960
0.117544
0.122459
0.123709
0.118960
0.120793
0.121126
0.119793
0.119377
0.117461
0.123792
0.123126
0.122126
0.123792
0.119294
0.128374
0.117794
0.122126
0.123209
0.119543
0.123625
0.126708
0.124958
0.121543
0.119710
0.124375
0.120543
0.117461
0.121126
0.122376
0.120960
0.126291
0.126375
0.125125
0.123459
0.122376
0.122959
0.125708
0.122376
0.122376
0.127624
0.123625
0.120960
0.122376
0.123709
0.126874
0.121959
0.125458
0.125292
0.126375
0.126874
0.125208
0.112546
0.120710
0.127041
0.125208
0.121043
0.121876
0.119627
0.122126
0.127624
0.126541
0.126375
0.126624
0.124292
0.123959
0.120793
0.125125
0.123625
0.124292
0.127624
0.126708
0.122792
0.127541
0.033072
0.036155
0.045402
0.057731
0.065395
0.097218
0.118627
0.131206
0.139703
0.138454
0.134455
0.146285
0.146118
0.147867
0.150783
0.153199
0.149533
0.149533
0.150283
0.155032
0.147951
0.148451
0.151200
0.151033
0.151200
0.153199
0.149450
0.156531
0.148950
0.155781
0.154615
0.145618
0.152283
0.152949
0.156864
0.153199
0.158114
0.152699
0.157864
0.151200
0.156115
0.154449
0.152283
0.153699
0.153699
0.153449
0.155282
0.154865
0.154532
0.157364
0.154615
0.152283
0.153449
0.151200
0.151783
0.154865
0.154948
0.159697
0.153615
0.155115
0.157031
0.152532
0.151450
0.151033
0.157114
0.156531
0.153032
0.157364
0.153282
0.154532
0.152449
0.152616
0.154948
0.153865
0.152782
0.154449
0.152616
0.152366
0.154449
0.157531
0.154199
0.157614
0.157198
0.156698
0.155115
0.159114
0.156365
0.156031
0.155115
0.150283
0.153282
0.156198
0.156531
0.156281
0.157031
0.151283
0.158530
0.153532
0.155115
0.154782
0.153949
