0.031573
0.031739
0.030157
0.031573
0.031823
0.033239
0.031406
0.034988
0.032239
0.035821
0.036738
0.037571
0.036571
0.039404
0.038487
0.039820
0.042403
0.044735
0.047151
0.046734
0.048900
0.052399
0.050566
0.053232
0.058481
0.061813
0.064562
0.066228
0.065145
0.073975
0.072393
0.078224
0.084055
0.082889
0.086305
0.094802
0.098051
0.098550
0.104548
0.102799
0.110630
0.111213
0.112962
0.118710
0.115961
0.122626
0.122126
0.121876
0.123459
0.132456
0.129873
0.136121
0.132206
0.134455
0.132456
0.134622
0.136788
0.140786
0.135455
0.142119
0.139120
0.140786
0.142619
0.144702
0.147951
0.146201
0.144785
0.143785
0.149117
0.148867
0.149950
0.148784
0.149117
0.152782
0.152782
0.152616
0.153532
0.154365
0.152949
0.153865
0.153282
0.152866
0.156198
0.157697
0.153615
0.158530
0.152949
0.156281
0.157198
0.158114
0.156614
0.152366
0.155282
0.155531
0.155615
0.157364
0.157031
0.154698
0.158947
0.157947
0.160946
