0.031739
0.031823
0.032323
0.031823
0.033655
0.036405
0.034822
0.037571
0.040570
0.040487
0.040070
0.041819
0.044735
0.048401
0.048401
0.048484
0.050650
0.050650
0.050983
0.052566
0.055648
0.053899
0.059397
0.055065
0.060147
0.057814
0.061396
0.060646
0.062812
0.065145
0.067061
0.067228
0.067727
0.068477
0.071809
0.071643
0.079807
0.075058
0.081306
0.086055
0.086888
0.088471
0.089054
0.085971
0.093719
0.096218
0.094718
0.095968
0.096551
0.098301
0.101050
0.110213
0.110630
0.116295
0.117128
0.119710
0.121210
0.122876
0.119877
0.122709
0.124542
0.131539
0.131623
0.130290
0.138371
0.133705
0.139620
0.133955
0.138287
0.143619
0.139287
0.141953
0.143702
0.144285
0.143869
0.147034
0.146451
0.146035
0.154365
0.153532
0.155615
0.151450
0.154115
0.154115
0.158614
0.154032
0.159364
0.158364
0.154532
0.158947
0.159613
0.158114
0.161280
0.159947
0.167944
0.160530
0.163862
0.162363
0.164862
0.163779
0.168527
0.164528
0.164612
0.164195
0.162446
0.161280
0.166778
0.166278
0.167611
0.168694
0.168027
0.168361
0.166361
0.169194
0.171859
0.168361
0.166028
0.170443
0.171360
0.169360
0.168860
0.169943
0.170193
0.174275
0.173026
0.174525
0.176275
0.174442
0.173026
0.174525
0.171693
0.174858
0.175192
0.174442
0.176275
0.175608
0.177941
0.178441
0.179773
0.180690
0.182522
0.180357
0.179940
0.183022
0.178857
0.177774
0.184105
0.181773
0.181106
0.182772
0.185022
0.181856
0.179440
0.180773
0.181856
0.185688
0.181689
0.185688
0.186105
0.187438
0.188437
0.183522
0.183272
0.185272
0.186438
0.184855
0.189104
0.189853
0.184439
0.185688
0.190853
0.187771
0.187771
0.186105
0.187521
0.188520
0.190103
0.190187
0.185438
0.188937
0.187771
0.187687
0.191769
0.192103
0.187937
0.188687
0.190270
0.188271
0.191103
0.189603
0.188271
0.189687
0.191686
0.187438
0.190437
0.186521
0.191020
0.189687
0.191853
0.192686
0.193186
0.191353
0.192602
0.192103
0.192769
0.190853
0.191270
0.191353
0.189270
0.194352
0.194685
0.186854
0.193436
0.188854
0.194019
0.194685
0.189603
0.192852
0.190103
0.195268
0.197434
0.189937
0.193269
0.185938
0.193685
0.191186
0.191603
0.192519
0.192852
0.194019
0.193352
0.193852
0.193102
0.192769
0.193602
0.194685
0.193602
0.195935
0.195435
0.193602
0.194518
0.194768
0.196435
0.194768
0.195185
0.194768
0.193019
0.195018
0.194435
0.197601
0.194602
