0.001833
0.002333
0.001833
0.001791
0.001500
0.001749
0.001666
0.002333
0.001916
0.001916
0.002333
0.001749
0.001791
0.002041
0.002291
0.001958
0.001708
0.001999
0.002083
0.002208
0.002124
0.001833
0.001666
0.001999
0.001749
0.001749
0.001916
0.001916
0.001833
0.001833
0.001833
0.002499
0.001583
0.001874
0.001833
0.002541
0.001500
0.001958
0.001999
0.002499
0.001874
0.001958
0.002291
0.002041
0.001624
0.001958
0.001624
0.002124
0.002416
0.001833
0.002041
0.001874
0.001833
0.002208
0.001791
0.002208
0.002416
0.001458
0.001874
0.002041
0.001708
0.001708
0.001541
0.002166
0.001833
0.002166
0.002208
0.001749
0.002249
0.002208
0.001791
0.001874
0.002041
0.001874
0.002166
0.002124
0.002499
0.002416
0.001958
0.001916
0.002374
0.002124
0.002458
0.002166
0.002666
0.002707
0.002416
0.001874
0.001708
0.002208
0.001999
0.002291
0.001916
0.002083
0.002124
0.001749
0.001999
0.002083
0.001666
0.001999
0.002374
0.002083
0.001708
0.001500
0.001500
0.001916
0.001791
0.001916
0.002083
0.002124
0.002041
0.002208
0.001583
0.001916
0.001708
0.002333
0.001999
0.001999
0.002124
0.002041
0.001833
0.002499
0.001874
0.001583
0.001958
0.002333
0.002416
0.001541
0.001708
0.002416
0.001958
0.002124
0.001708
0.001666
0.001749
0.001458
0.002041
0.002124
0.001999
0.002208
0.001749
0.001916
0.001833
0.002083
0.001916
0.002333
0.001833
0.001833
0.002416
0.002416
0.001874
0.001416
0.001749
0.002291
0.001791
0.002416
0.002041
0.002124
0.001250
0.001874
0.001874
0.001999
0.001916
0.001958
0.001999
0.002499
0.002374
0.002249
0.001708
0.001749
0.001583
0.002083
0.001749
0.001541
0.001916
0.001833
0.002041
0.002582
0.001916
0.002249
0.002041
0.002041
0.001958
0.002041
0.001708
0.001541
0.002166
0.001833
0.001999
0.001958
0.001749
0.002291
0.001999
0.002416
0.001874
0.002333
0.001791
0.002333
0.002249
0.001833
0.001791
0.001583
0.002124
0.001916
0.001791
0.002124
0.001749
0.002124
0.001791
0.001375
0.002333
0.002041
0.001583
0.001749
0.002208
0.001958
0.001874
0.001874
0.002249
0.001749
0.001541
0.002041
0.001833
0.002083
0.001999
0.001833
0.002291
0.001791
0.002166
0.002083
0.002541
0.002458
0.002374
0.001749
0.002208
0.002083
0.001958
0.001833
0.002374
0.002374
0.002041
0.002208
0.001791
0.002208
0.002041
0.001583
0.001833
0.002041
0.001916
0.002208
0.001833
