0.002083
0.002124
0.002208
0.001500
0.002041
0.002124
0.002374
0.002832
0.002582
0.002916
0.002416
0.004165
0.003166
0.003832
0.004165
0.006123
0.004623
0.005540
0.004957
0.006956
0.006539
0.007498
0.008664
0.010621
0.010163
0.010955
0.010996
0.011038
0.011288
0.012454
0.013579
0.014037
0.014787
0.017119
0.016994
0.018286
0.017369
0.020452
0.018827
0.020785
0.022493
0.021701
0.023659
0.024284
0.024242
0.026824
0.027116
0.027241
0.028449
0.027116
0.029282
0.029698
0.030656
0.030656
0.030448
0.031156
0.033281
0.032406
0.032739
0.033072
0.033905
0.034447
0.034405
0.037696
0.035155
0.036738
0.038487
0.039404
0.038779
0.040611
0.040778
0.038404
0.038820
0.040528
0.040820
0.043361
0.040903
0.041195
0.043486
0.042777
0.040611
0.043111
0.042527
0.043652
0.043277
0.044069
0.042153
0.043694
0.044152
0.045027
0.044277
0.044568
0.045068
0.045068
0.044568
0.043777
0.044444
0.044194
0.044069
0.045901
0.042902
0.043819
0.044735
0.045110
0.045110
0.045735
0.043944
0.044527
0.045110
0.045027
0.045110
0.045193
0.046984
0.046485
0.046984
0.046193
0.046485
0.045110
0.044777
0.046235
0.047567
0.046068
0.048067
0.045152
0.046818
0.048359
0.048026
0.046818
0.047609
0.046651
0.047109
0.048026
0.046693
0.048401
0.046360
0.046818
0.048609
0.048734
0.046984
0.048775
0.049150
0.048026
0.048567
0.049067
0.048401
0.047484
0.047609
0.048859
0.049650
0.047942
0.045485
0.049025
0.047443
0.048609
0.048109
0.048317
0.050358
0.048317
0.049275
0.049109
0.047984
0.047318
0.047984
0.046485
0.047942
0.048775
0.047526
0.049275
0.048984
0.050233
0.047734
0.048192
0.048276
0.051150
0.047984
0.050025
0.050025
0.047526
0.049567
0.048817
0.049608
0.048609
0.049817
0.046818
0.049484
0.048984
0.048900
0.049525
0.049733
0.049608
0.049942
0.049442
0.051816
0.050358
0.050483
0.049733
0.048567
0.049733
0.050192
0.048817
0.051025
0.052566
0.050816
0.049400
0.050858
0.048734
0.049733
0.049442
0.049858
0.052816
0.052941
0.049900
0.048359
0.050775
0.051649
0.050192
0.051025
0.049567
0.049317
0.052441
0.051275
0.051275
0.052024
0.050275
0.051191
0.049525
0.050525
0.052441
0.051983
0.048067
0.051524
0.051483
0.050733
0.050233
0.050275
0.049025
0.051566
0.048775
0.050233
0.049650
0.050108
0.049317
0.049400
0.052899
0.050358
0.052066
0.050067
0.049650
0.051191
0.051400
0.051191
