0.001583
0.002124
0.001749
0.001958
0.001708
0.001999
0.001958
0.002458
0.002374
0.003457
0.003499
0.003499
0.003582
0.004374
0.004249
0.004665
0.005706
0.005831
0.007081
0.009414
0.010205
0.010996
0.012912
0.014537
0.014329
0.015995
0.019202
0.019119
0.021951
0.021951
0.023451
0.024950
0.024617
0.026783
0.026824
0.027866
0.028865
0.029157
0.029532
0.029823
0.031739
0.031365
0.032656
0.034780
0.035280
0.037779
0.038446
0.038612
0.041569
0.041528
0.041736
0.042694
0.042527
0.045693
0.048234
0.050275
0.049150
0.049900
0.050650
0.055023
0.055065
0.054690
0.057023
0.055898
0.059813
0.058772
0.059272
0.060272
0.061688
0.062771
0.062896
0.062313
0.062812
0.064270
0.063562
0.066686
0.063937
0.066311
0.067686
0.067144
0.068769
0.067727
0.068227
0.070935
0.068727
0.069810
0.072642
0.072393
0.072018
0.070893
0.073184
0.073101
0.073850
0.072476
0.074434
0.075267
0.073684
0.076100
0.075350
0.076891
0.077849
0.077516
0.076475
0.079765
0.077807
0.081390
0.076933
0.079932
0.078016
0.080182
0.079890
0.082014
0.080765
0.082597
0.080390
0.080223
0.085472
0.083431
0.081098
0.081639
0.084847
0.085055
0.083930
0.082722
0.084680
0.084305
0.084597
0.084888
0.083972
0.084847
0.086055
0.087013
0.087263
0.086679
0.086388
0.086721
0.086346
0.087929
0.085138
0.085430
0.088304
0.086804
0.088179
0.088221
0.090428
0.087804
0.088012
0.089304
0.090262
0.089012
0.089928
0.087304
0.090137
0.091053
0.090137
0.090220
0.090428
0.090636
0.091928
0.090678
0.090303
0.092386
0.091761
0.090387
0.091095
0.091386
0.091095
0.094052
0.090845
0.090220
0.092886
0.093427
0.091844
0.093261
0.093594
0.092636
0.090595
0.092594
0.094469
0.094510
0.091678
0.093635
0.095302
0.092761
0.093844
0.092178
0.094510
0.093427
0.092594
0.092594
0.092386
0.094885
0.091969
0.093302
0.092802
0.093136
0.093552
0.093719
0.094843
0.095593
0.093136
0.093635
0.093386
0.095385
0.094344
0.095218
0.096968
0.094968
0.096385
0.095551
0.096051
0.093594
0.095427
0.096051
0.096759
0.094885
0.093136
0.094469
0.096593
0.095302
0.095593
0.095635
0.095427
0.095885
0.094593
0.096759
0.096843
0.097592
0.097509
0.098509
0.096135
0.097176
0.098384
0.096551
0.096801
0.096551
0.096468
0.097259
0.095926
0.097801
0.098217
0.097884
0.097426
0.095843
0.098884
0.098634
0.098675
0.099300
0.097426
0.096593
0.097884
